score: 0.000000
duration: 0.887908
